var_1 = 10
var_2 = 20
a = 5.5
var_1
var_2
a